-
19.90 16.000 318.4000
22.81 12.048 274.8149
23.21 11.957 277.5220
20.75 10.800 224.1000
22.17 12.100 268.2570
19.80 10.900 215.8200
19.10 10.800 206.2800
16.74 9.350 156.5190
20.20 10.910 220.3820
18.46 9.810 181.09
19.32 10.290 198.8028
19.57 11.390 222.9023
14.27 7.290 104.0283
18.72 10.783 201.8793
21.68 12.479 270.5447
19.55 11.380 222.4790
25.44 13.230 336.5712
23.78 12.560 298.6800
25.88 13.460 348.3450
15.24 7.850 119.6340
14.80 8.400 124.3200
20.58 10.980 225.9684
20.05 10.480 210.1240
25.76 13.680 352.3968
17.36 8.840 153.4624
20.76 10.780 223.7928
21.68 11.400 247.1520
19.83 10.27 203.6541
22.13 11.790 260.9127
20.89 11.240 234.8036
17.82 8.440 150.4008
19.49 10.110 197.0439
23.16 12.1 280.236
19.86 10.190 202.3734
24.41 12.590 307.3219
16.49 8.520 140.4948
18.03 9.340 168.4002
18.77 9.800 183.9460
16.10 9.520 153.2720
21.80 11.800 257.2400
-
20.21 10.790 218.0659
20.00 11.000 220.0000
18.52 9.670 179.0884
20.54 11.490 236.0046
22.74 11.790 268.1046
28.65 21.300 610.2450
21.50 11.600 249.4000
-
21.30 13.300 283.0000
26.09 13.860 361.6074
22.52 11.790 265.5108
24.06 12.820 308.4492
22.78 12.150 276.7770
23.38 12.240 286.1712
16.60 9.210 152.8860
21.55 11.410 245.8855
18.02 9.240 166.5048
-
21.20 10.997 233.1364
24.08 13.597 327.4158
21.50 11.210 241.0150
21.32 11.260 240.0632
20.22 10.490 212.1078
25.14 13.430 337.6302
-
23.21 11.968 277.7773
24.63 12.825 315.8798
21.20 11.700 248.0400
21.18 11.030 233.6154
20.82 10.83 225.4806
23.22 12.68 294.4296
20.34 10.730 218.2482
21.84 12.030 262.7352
-
32.06 19.51 625.4906
24.85 12.470 309.8795
19.30 10.900 210.3700
22.30 12.700 283.2100
20.70 11.600 240.1200
21.49 12.280 263.8972
-
22.81 11.728 267.5157
20.89 10.800 225.6120
23.66 11.900 281.5540
15.28 7.800 119.1840
22.72 12.000 272.6400
23.77 12.500 297.1250
22.16 11.700 259.2720
22.28 11.630 259.1164
21.92 11.440 250.7648
21.86 11.350 248.1110
19.70 10.260 202.1220
22.74 11.920 271.0608
23.55 12.310 289.9005
20.44 10.560 215.8464
15.50 8.500 131.7500
19.84 10.580 209.9072
19.65 9.740 191.3910
17.48 8.980 156.9704
20.54 10.440 214.4376
18.62 9.700 180.6140
17.62 9.100 160.3420
18.92 9.800 185.4160
-
21.64 11.610 251.2404
17.87 9.089 162.4204
22.78 11.930 271.7654
19.73 10.520 207.5596
24.44 12.890 315.0316
22.78 11.860 270.1708
22.74 11.700 266.0580
18.31 9.650 176.6915
20.12 10.420 209.6504
22.85 11.760 268.7160
20.80 11.000 228.8000
20.44 10.620 217.0728
22.74 11.800 268.3320
22.24 11.572 257.3613
17.92 9.270 166.1184
18.29 9.390 171.7431
22.26 11.620 258.6612
-
22.24 11.620 258.4288
21.22 11.270 239.1494
18.49 9.980 184.5302
25.96 13.650 354.3540
21.43 11.630 249.2309
21.82 11.480 250.4936
-
22.49 12.25 275.5025
23.74 12.640 300.0736
22.94 11.930 273.6742
23.57 12.500 294.6250
15.46 7.810 120.7426
21.19 11.260 238.5994
22.29 11.850 264.1365
20.76 10.800 224.2080
24.57 13.000 319.4100
22.75 11.830 269.1325
22.18 11.700 259.5060
20.33 10.730 218.1409
23.76 12.880 306.0288
23.85 12.440 296.6940
23.13 11.780 272.4714
21.77 11.470 249.7019
-
23.10 17.370 401.2470
21.22 11.050 234.4810
20.75 11.930 247.5475
19.95 10.650 212.4675
22.13 11.66 258.0358
20.54 10.790 221.6266
17.33 8.950 155.1035
-
18.20 10.050 182.9100
16.59 9.100 150.9690
19.50 10.770 210.0150
22.91 13.040 298.7460
19.52 10.390 202.8128
19.83 10.070 199.6881
21.31 12.120 258.2772
23.10 12.120 279.9720
20.70 11.685 241.8795
20.06 10.400 208.6240
24.03 12.400 297.9720
20.02 10.480 209.8096
21.34 11.100 236.8740
19.42 10.330 200.6086
21.31 12.100 257.8510
21.60 11.340 244.9440
21.27 11.460 243.7542
19.73 10.700 211.1110
22.77 11.770 268.0029
17.81 9.030 160.8243
-
23.16 13.460 311.7336
23.21 12.30 285.483
21.82 11.400 248.7480
18.60 10.010 186.1860
26.50 14.090 373.3850
26.51 14.160 375.3816
-
19.94 11.110 221.5334
22.08 12.130 267.8304
21.76 12.730 277.0048
19.96 11.070 220.9572
15.25 8.940 136.3350
15.50 8.860 137.3300
24.83 14.070 349.3581
21.14 11.000 232.5400
19.63 10.980 215.5374
22.01 11.51 253.3351
-
20.24 11.020 223.0448
24.57 12.900 316.9530
20.54 10.480 215.2592
22.85 11.730 268.0305
23.02 11.850 272.7870
-
22.81 11.968 272.9908
21.85 11.570 252.8045
23.66 12.600 298.1160
22.36 11.710 261.8356
21.61 11.490 248.2989
23.39 12.160 284.4224
22.17 11.640 258.0588
20.99 11.190 234.8781
-
20.71 10.800 223.6680
22.01 12.600 277.3300
20.57 11.435 235.2180
17.32 9.190 159.1708
19.50 10.700 208.6500
19.73 10.790 212.8867
26.11 14.090 367.8899
-
23.21 12.053 279.7501
21.67 11.900 257.8730
21.39 11.092 237.2579
20.66 10.730 221.6818
25.88 13.920 360.2496
23.03 12.660 291.5598
23.89 12.840 306.7476
-
21.18 10.927 231.4339
20.06 10.840 217.4504
26.11 14.090 367.8899
22.96 11.930 273.9128
21.82 11.590 252.8938
19.52 10.000 195.2000
18.35 9.720 178.3620
-
21.78 11.750 255.9150
22.85 11.860 271.0010
26.51 14.060 372.7306
20.96 10.920 228.8832
17.92 9.265 166.0288
19.80 10.350 204.9300
-
23.22 12.680 294.4296
21.18 10.980 232.5564
21.25 10.900 231.6250
23.51 12.380 291.0538
20.68 11.120 229.9616
24.39 13.090 319.2651
22.76 11.790 268.3404
21.39 11.100 237.4290
17.45 9.100 158.7950
23.88 12.350 294.9180
23.92 12.600 301.3920
22.04 11.460 252.5784
19.50 10.060 196.1700
17.60 8.440 148.5440
18.480 9.850 182.0280
24.385 14.160 345.2916
20.700 10.810 223.7670
23.97 12.00 287.64
24.52 12.800 313.8560
-
16.50 8.09 133.485
21.98 11.47 252.1106
25.53 13.770 351.5481
17.83 9.430 168.1369
20.60 10.690 220.2140
21.88 11.440 250.3072
17.98 9.440 169.7312
-
22.24 11.640 258.8736
18.92 9.910 187.4972
19.09 10.020 191.2818
22.96 11.940 274.1424
21.53 11.610 249.9633
21.48 11.400 244.8720
32.16 18.170 584.3472
-
21.33 11.820 252.1206
25.76 13.150 338.7440
22.85 11.750 268.4875
22.76 11.670 265.6092
20.92 10.990 229.9108
-
